-- Starting Tests --
-- Starting random write test : Batch count 200--
Batch No, Batch Size, Record Count,Solr Write, Solr Commit, Solr RPSPostgres write, Postgres commmit, Postgres RPS
0,325,325,1310,523,177,982,286,256
1,439,764,1473,608,211,1140,210,325
2,509,1273,1541,687,228,1465,234,300
3,31,1304,130,296,73,104,30,231
4,635,1939,2055,878,217,1753,232,320
5,427,2366,1402,618,211,1270,216,287
6,28,2394,123,321,63,98,28,222
7,353,2747,1178,551,204,935,220,306
8,46,2793,185,1553,26,153,25,258
9,40,2833,161,362,76,136,14,267
10,223,3056,758,458,183,635,46,327
11,25,3081,108,322,58,94,17,225
12,209,3290,753,530,163,556,87,325
13,89,3379,321,400,123,254,65,279
14,601,3980,2178,751,205,1788,143,311
15,21,4001,95,379,44,84,23,196
16,14,4015,66,316,37,55,13,206
17,728,4743,2411,835,224,2206,178,305
18,191,4934,683,686,140,491,44,357
19,244,5178,831,710,158,931,757,145
20,44,5222,176,349,84,133,20,288
21,411,5633,1262,772,202,1221,52,323
22,420,6053,1251,641,222,1204,116,318
23,67,6120,234,2583,24,207,40,271
24,24,6144,106,332,55,80,47,189
25,132,6276,469,453,143,382,93,278
26,578,6854,1705,841,227,1684,113,322
27,101,6955,355,414,131,275,69,294
28,335,7290,1114,555,201,915,488,239
29,238,7528,777,554,179,610,234,282
30,64,7592,238,371,105,191,37,281
31,258,7850,821,914,149,743,33,332
32,13,7863,61,388,29,48,19,194
33,220,8083,724,474,184,596,120,307
34,249,8332,791,555,185,648,45,359
35,312,8644,1048,857,164,927,191,279
36,282,8926,913,614,185,1023,28,268
37,728,9654,2322,936,223,2781,123,251
38,98,9752,328,614,104,264,90,277
39,719,10471,2269,983,221,2118,52,331
40,629,11100,1802,869,235,1989,42,310
41,738,11838,2247,928,232,2265,50,319
42,94,11932,302,399,134,288,109,237
43,82,12014,364,6013,13,211,25,347
44,524,12538,1806,822,199,1632,48,312
45,21,12559,89,349,48,78,24,206
46,14,12573,61,369,33,52,28,175
47,107,12680,358,432,135,287,110,270
48,381,13061,1260,635,201,1090,92,322
49,163,13224,571,451,159,431,152,280
50,5,13229,26,287,16,19,30,102
51,26,13255,106,374,54,87,70,166
52,140,13395,371,2194,55,375,51,329
53,74,13469,257,484,100,222,158,195
54,65,13534,306,1248,42,200,28,285
55,633,14167,1980,1015,211,1909,21,328
56,165,14332,548,713,131,433,31,356
57,638,14970,2091,799,221,2023,41,309
58,177,15147,544,511,168,472,142,288
59,504,15651,1552,830,212,1432,251,299
60,208,15859,655,1034,123,602,521,185
61,82,15941,299,406,116,231,57,285
62,374,16315,1184,665,202,966,96,352
63,92,16407,335,419,122,281,56,273
64,265,16672,859,587,183,686,76,348
65,49,16721,185,399,84,157,37,253
66,763,17484,2447,1001,221,2368,138,304
67,64,17548,228,494,89,186,34,291
68,355,17903,1017,614,218,1013,51,334
69,54,17957,185,397,93,179,81,208
70,382,18339,1199,587,214,1258,69,288
71,261,18600,795,648,181,821,39,303
72,916,19516,2770,1179,232,3019,29,301
73,804,20320,2439,4952,109,2427,67,322
74,161,20481,506,617,143,435,93,305
75,483,20964,1568,777,206,1434,58,324
76,2,20966,12,341,6,9,15,83
77,147,21113,503,529,142,402,56,321
78,374,21487,1218,722,193,1051,172,306
79,435,21922,1438,745,199,1318,104,306
80,423,22345,1367,1386,154,1273,119,304
81,70,22415,259,426,102,200,220,167
82,85,22500,250,510,112,208,42,340
83,176,22676,593,602,147,450,57,347
84,138,22814,469,607,128,357,170,262
85,446,23260,1306,817,210,1535,136,267
86,275,23535,855,1115,140,741,132,315
87,197,23732,637,588,161,514,74,335
88,504,24236,1503,797,219,1463,81,326
89,695,24931,2190,912,224,1982,105,333
90,286,25217,1013,625,175,1000,72,267
91,32,25249,131,3020,10,108,55,196
92,577,25826,1845,827,216,1742,949,214
93,44,25870,168,409,76,140,34,253
94,4,25874,20,319,12,18,16,118
95,8,25882,38,299,24,32,17,163
96,9,25891,41,353,23,35,47,110
97,473,26364,1481,1118,182,1305,36,353
98,819,27183,2540,1294,214,2222,109,351
99,15,27198,64,373,34,58,19,195
100,782,27980,2366,1150,222,2211,122,335
101,151,28131,529,520,144,413,341,200
102,85,28216,308,491,106,242,29,314
103,188,28404,700,474,160,675,33,266
104,898,29302,2882,1356,212,2529,149,335
105,277,29579,889,604,186,773,29,345
106,455,30034,1339,753,217,1715,49,258
107,304,30338,1031,597,187,1564,88,184
108,208,30546,617,584,173,587,176,273
109,364,30910,1180,618,202,1197,44,293
110,463,31373,1412,686,221,1449,45,310
111,248,31621,794,2129,85,687,81,323
112,279,31900,935,644,177,684,60,375
113,110,32010,307,461,143,344,94,251
114,31,32041,118,422,57,103,34,226
115,28,32069,116,316,65,102,74,159
116,32,32101,125,395,62,126,17,224
117,280,32381,914,629,181,828,17,331
118,4,32385,22,470,8,22,79,40
119,203,32588,661,1274,105,543,47,344
120,126,32714,460,527,128,378,36,304
121,327,33041,1048,762,181,899,57,342
122,129,33170,404,441,153,350,45,327
123,194,33364,754,558,148,511,93,321
124,343,33707,1091,753,186,968,54,336
125,68,33775,241,5175,13,196,53,273
126,140,33915,491,531,137,390,84,295
127,83,33998,307,457,109,231,38,309
128,99,34097,341,426,129,304,656,103
129,361,34458,1081,731,199,1067,105,308
130,84,34542,307,378,123,241,64,275
131,59,34601,219,561,76,168,42,281
132,30,34631,124,464,51,103,25,234
133,48,34679,194,407,80,143,60,236
134,369,35048,1248,2255,105,1103,108,305
135,704,35752,2145,918,230,1954,128,338
136,442,36194,1396,934,190,1463,57,291
137,240,36434,860,1097,123,702,45,321
138,353,36787,1075,690,200,996,55,336
139,637,37424,1980,886,222,1881,167,311
140,553,37977,1614,821,227,1724,51,312
141,206,38183,698,601,159,536,74,338
142,19,38202,82,385,41,68,17,224
143,15,38217,62,308,41,59,19,192
144,102,38319,364,498,118,303,143,229
145,48,38367,180,405,82,139,39,270
146,11,38378,50,1788,6,52,16,162
147,414,38792,1355,677,204,1203,71,325
148,226,39018,663,550,186,619,66,330
149,97,39115,339,462,121,274,117,248
150,166,39281,557,612,142,450,65,322
151,114,39395,343,408,152,310,162,242
152,594,39989,1887,993,206,1785,32,327
153,19,40008,77,440,37,71,23,202
154,128,40136,466,467,137,344,40,333
155,722,40858,2198,1944,174,2023,178,328
156,26,40884,100,353,57,89,24,230
157,920,41804,2727,1214,233,2721,114,325
158,165,41969,554,527,153,437,52,337
159,34,42003,131,510,53,113,23,250
160,270,42273,929,647,171,816,113,291
161,342,42615,1103,672,193,1043,89,302
162,60,42675,202,4309,13,150,28,337
163,517,43192,1707,821,205,2603,71,193
164,5,43197,25,343,14,21,14,143
165,324,43521,1005,686,192,893,221,291
166,192,43713,652,504,166,499,74,335
167,233,43946,683,660,173,617,131,311
168,299,44245,982,762,171,813,95,329
169,290,44535,994,800,162,832,642,197
170,13,44548,62,379,29,53,31,155
171,463,45011,1395,2395,122,1390,1568,157
172,72,45083,284,391,107,211,53,273
173,465,45548,1373,921,203,1362,110,316
174,11,45559,53,358,27,40,48,125
175,119,45678,401,914,90,314,171,245
176,10,45688,45,396,23,41,27,147
177,579,46267,1871,778,219,1784,353,271
178,83,46350,272,489,109,279,48,254
179,57,46407,217,483,81,177,34,270
180,94,46501,345,442,119,255,55,303
181,60,46561,230,428,91,185,34,274
182,63,46624,228,372,105,212,39,251
183,327,46951,995,616,203,907,137,313
184,16,46967,69,360,37,66,21,184
185,116,47083,376,538,127,312,104,279
186,164,47247,516,572,151,400,52,363
187,137,47384,465,684,119,377,107,283
188,146,47530,491,496,148,407,62,311
189,183,47713,696,582,143,561,43,303
190,132,47845,463,503,137,357,49,325
191,300,48145,1002,660,181,950,46,301
192,534,48679,1820,2339,128,1489,104,335
193,88,48767,324,489,108,255,44,294
194,85,48852,284,2024,37,242,41,300
195,249,49101,822,593,176,640,68,352
196,299,49400,1050,685,172,936,90,291
197,30,49430,123,453,52,98,37,222
198,529,49959,1664,771,217,1637,48,314
199,76,50035,250,418,114,250,21,280
Total time : 722285ms
Total records: 50035-- End write test --
----- End Tests -----
